3.162299999999999833e-03
3.981099999999999570e-03
5.011899999999999689e-03
6.309600000000000278e-03
7.943300000000000360e-03
1.000000000000000021e-02
1.258899999999999950e-02
1.584899999999999851e-02
1.995299999999999851e-02
2.511899999999999897e-02
3.162299999999999833e-02
3.981099999999999917e-02
5.011899999999999689e-02
6.309599999999999931e-02
7.943300000000000360e-02
1.000000000000000056e-01
1.258900000000000019e-01
1.584899999999999920e-01
1.995300000000000129e-01
2.511900000000000244e-01
3.162300000000000111e-01
3.981100000000000194e-01
5.011900000000000244e-01
6.309599999999999653e-01
7.943299999999999805e-01
1.000000000000000000e+00
1.258899999999999908e+00
1.584899999999999975e+00
1.995300000000000074e+00
2.511899999999999800e+00
3.162300000000000111e+00
3.981100000000000083e+00
5.011899999999999800e+00
6.309599999999999653e+00
7.943299999999999805e+00
1.000000000000000000e+01
1.258900000000000041e+01
1.584900000000000020e+01
1.995299999999999940e+01
2.511899999999999977e+01
3.162300000000000111e+01
3.981099999999999994e+01
5.011899999999999977e+01
6.309599999999999653e+01
7.943300000000000693e+01
1.000000000000000000e+02
1.258900000000000006e+02
1.584900000000000091e+02
1.995300000000000011e+02
2.511899999999999977e+02
3.162300000000000182e+02
3.981100000000000136e+02
5.011899999999999977e+02
6.309600000000000364e+02
7.943300000000000409e+02
1.000000000000000000e+03
1.258900000000000091e+03
1.584900000000000091e+03
1.995299999999999955e+03
2.511900000000000091e+03
3.162300000000000182e+03
3.981099999999999909e+03
5.011899999999999636e+03
6.309600000000000364e+03
7.943300000000000182e+03
1.000000000000000000e+04
